003020600
900305001
001806400
008102900
700000008 // solved
006708200
002609500
800203009
005010300

401290075
200300800
070080006
000103062
105000403
730608000 // solved
600020030
007001004
890065107

070285010
008903500
000000000
500010008
010000090 // solved
900040003
000000000
002408600
090632080

007630000
200004000
006000408
300500040
040080020
050002006 // solved
103000800
000400007
000015900

800000000
003600000
070090200
050007000
000045700 // solved
000100030
001000068
008500010
090000400